4294967294,0
4294967279,413
4294967279,412
4294967279,411
4294967278,350
4294967279,410
4294967278,349
4294967278,348
4294967279,409
4294967279,408
4294967279,407
4294967278,88
4294967278,2
4294967278,174
4294967279,406
4294967279,220
4294967278,347
4294967278,201
4294967278,528
4294967279,190
4294967278,325
4294967278,518
4294967279,331
4294967279,330
4294967279,405
4294967278,346
4294967279,305
4294967278,345
4294967279,404
4294967278,344
4294967278,343
4294967278,342
4294967279,383
4294967279,403
4294967279,402
4294967278,241
4294967278,233
4294967279,222
4294967278,221
4294967279,214
4294967278,210
4294967279,195
4294967278,341
4294967278,521
4294967278,517
4294967279,329
4294967278,516
4294967278,175
4294967278,169
4294967279,401
4294967279,400
4294967279,160
4294967294,12
4294967294,473
4294967294,973
4294967294,1417
4294967294,83
4294967278,340
4294967279,374
4294967278,291
4294967278,339
4294967278,276
4294967279,399
4294967278,269
4294967279,268
4294967278,285
4294967279,282
4294967278,338
4294967279,368
4294967279,380
4294967278,557
4294967279,256
4294967278,571
4294967278,553
4294967278,251
4294967278,247
4294967279,245
4294967279,241
4294967278,235
4294967279,230
4294967279,398
4294967278,223
4294967279,397
4294967279,346
4294967278,549
4294967279,213
4294967278,548
4294967279,207
4294967278,541
4294967278,539
4294967278,537
4294967278,199
4294967278,194
4294967278,529
4294967279,389
4294967279,0
4294967279,260
4294967278,337
4294967279,323
4294967279,322
4294967278,336
4294967278,311
4294967279,300
4294967279,316
4294967279,315
4294967294,7
4294967279,157
4294967279,299
4294967279,150
4294967278,132
4294967278,131
4294967278,130
4294967278,129
4294967278,260
4294967279,306
4294967278,335
4294967278,323
4294967279,385
4294967278,140
4294967278,322
4294967279,293
4294967278,334
4294967278,128
4294967278,127
4294967278,126
4294967278,125
4294967278,124
4294967278,123
4294967278,122
4294967278,121
4294967278,120
4294967278,119
4294967278,118
4294967278,117
4294967278,116
4294967278,115
4294967278,114
4294967278,113
4294967278,112
4294967278,111
4294967278,110
4294967278,109
4294967278,108
4294967278,107
4294967278,106
4294967278,105
4294967278,104
4294967278,103
4294967278,102
4294967278,101
4294967278,100
4294967278,99
4294967278,98
4294967278,97
4294967278,96
4294967278,95
4294967278,94
4294967278,93
4294967278,92
4294967278,91
4294967278,90
4294967278,89
4294967278,87
4294967278,86
4294967278,85
4294967278,84
4294967278,83
4294967278,82
4294967278,81
4294967278,80
4294967278,79
4294967278,78
4294967278,77
4294967278,76
4294967278,75
4294967278,74
4294967278,73
4294967279,276
4294967279,134
4294967279,292
4294967279,303
4294967278,287
4294967278,330
4294967278,279
4294967279,285
4294967278,327
4294967279,302
4294967278,262
4294967278,333
4294967279,372
4294967279,371
4294967279,261
4294967278,272
4294967278,72
4294967278,71
4294967278,70
4294967278,69
4294967278,68
4294967278,67
4294967278,66
4294967278,65
4294967279,91
4294967279,90
4294967279,89
4294967279,81
4294967279,80
4294967279,79
4294967279,72
4294967279,71
4294967279,70
4294967279,69
4294967279,63
4294967279,62
4294967279,61
4294967279,60
4294967279,53
4294967279,52
4294967279,51
4294967279,44
4294967279,43
4294967279,42
4294967279,35
4294967279,34
4294967279,33
4294967279,32
4294967279,25
4294967279,24
4294967279,23
4294967279,16
4294967279,15
4294967279,14
4294967279,9
4294967279,8
4294967279,7
4294967279,6
4294967279,5
4294967278,328
4294967279,4
4294967278,563
4294967279,382
4294967294,5
4294967279,257
4294967278,572
4294967278,256
4294967279,391
4294967294,25
4294967294,26
4294967294,68
4294967294,11
4294967279,390
4294967279,366
4294967279,379
4294967278,570
4294967279,378
4294967278,569
4294967279,377
4294967279,252
4294967279,251
4294967279,364
4294967278,249
4294967279,363
4294967279,247
4294967279,174
4294967278,245
4294967279,244
4294967279,243
4294967278,239
4294967279,362
4294967278,551
4294967279,239
4294967278,552
4294967279,361
4294967279,235
4294967279,233
4294967278,231
4294967279,231
4294967279,229
4294967279,226
4294967278,225
4294967294,6
0,5
4294967278,217
4294967279,217
4294967278,215
4294967279,280
4294967279,360
4294967279,359
4294967279,358
4294967279,376
4294967279,357
4294967279,356
4294967278,544
4294967279,355
4294967279,354
4294967279,353
4294967278,203
4294967278,197
4294967279,337
4294967279,336
4294967278,185
4294967278,329
4294967279,177
4294967278,319
4294967278,317
4294967279,170
4294967278,315
4294967278,314
4294967279,396
4294967278,313
4294967278,312
4294967279,301
4294967279,163
4294967278,160
4294967278,307
4294967279,313
4294967278,306
4294967279,158
4294967278,305
4294967279,312
4294967278,294
4294967279,311
4294967278,293
4294967278,332
4294967279,298
4294967278,303
4294967278,302
4294967278,292
4294967279,297
4294967278,148
4294967279,308
4294967279,373
4294967279,395
4294967278,298
4294967279,295
4294967278,141
4294967278,290
4294967279,294
4294967278,139
4294967278,321
4294967279,138
4294967279,394
4294967278,275
4294967278,566
4294967278,274
4294967278,324
4294967279,289
4294967279,304
4294967278,281
4294967293,131
4294967293,130
4294967293,129
4294967293,128
4294967293,127
4294967293,126
4294967293,125
4294967293,124
4294967293,123
4294967293,122
4294967293,121
4294967293,120
4294967293,119
4294967293,118
4294967293,117
4294967293,116
4294967293,115
4294967293,114
4294967293,113
4294967293,112
4294967293,111
